 0.5150913
 [379] 0.5181467 0.5221716 0.5195037 0.5186527 0.5175627 0.5205947 0.5199423
 [386] 0.5165840 0.5159612 0.5225681 0.5220418 0.5181203 0.5207679 0.5143595
 [393] 0.5187521 0.5181359 0.5175882 0.5180320 0.5181600 0.5217780 0.5153256
 [400] 0.5177856 0.5157813 0.5213621 0.5092488 0.5227603 0.5152123 0.5178839
 [407] 0.5155140 0.5200541 0.5200703 0.5183479 0.5217623 0.5180400 0.5159301
 [414] 0.5179421 0.5143083 0.5191267 0.5177862 0.5205407 0.5211633 0.5219042
 [421] 0.5180721 0.5231138 0.5261182 0.5174169 0.5214833 0.5188681 0.5195953
 [428] 0.5157899 0.5142393 0.5183026 0.5195604 0.5142106 0.5234500 0.5110425
 [435] 0.5232602 0.5149031 0.5156049 0.5210042 0.5210693 0.5070784 0.5203921
 [442] 0.5169012 0.5170225 0.5188850 0.5159166 0.5170185 0.5199720 0.5191657
 [449] 0.5078060 0.5133002 0.5126138 0.5154096 0.5193411 0.5180934 0.5246568
 [456] 0.5192321 0.5180874 0.5200077 0.5167252 0.5162870 0.5212974 0.5170033
 [463] 0.5168180 0.5215528 0.5160079 0.5171400 0.5273846 0.5087750 0.5172708
 [470] 0.5115798 0.5173677 0.5152039 0.5209386 0.5167358 0.5175038 0.5172022
 [477] 0.5185333 0.5196779 0.5148924 0.5168725 0.5174015 0.5155572 0.5172594
 [484] 0.5219333 0.5142184 0.5208095 0.5153843 0.5196168 0.5192403 0.5165206
 [491] 0.5166977 0.5164228 0.5110099 0.5204459 0.5178438 0.5205800 0.5187551
 [498] 0.5195045 0.5243400 0.5178708 0.5261816 0.5169898 0.5156080 0.5205959
 [505] 0.5177510 0.5176504 0.5191490 0.5175690 0.5191348 0.5188462 0.5164013
 [512] 0.5144890 0.5173218 0.5144048 0.5232356 0.5142549 0.5198846 0.5195884
 [519] 0.5196977 0.5164023 0.5169189 0.5194214 0.5172497 0.5158700 0.5229207
 [526] 0.5131817 0.5126258 0.5170398 0.5261635 0.5245844 0.5183248 0.5202667
 [533] 0.5201902 0.5189375 0.5156857 0.5198058 0.5178539 0.5146682 0.5180904
 [540] 0.5179734 0.5203908 0.5231448 0.5212518 0.5127749 0.5149416 0.5177231
 [547] 0.5135759 0.5195905 0.5239354 0.5169965 0.5215758 0.5123555 0.5258145
 [554] 0.5154117 0.5210431 0.5191944 0.5241968 0.5109500 0.5101468 0.5258853
 [561] 0.5192256 0.5216715 0.5159562 0.5186974 0.5152882 0.5206316 0.5187114
 [568] 0.5162028 0.5125673 0.5176287 0.5197971 0.5202603 0.5152461 0.5249259
 [575] 0.5193643 0.5142622 0.5152297 0.5276312 0.5239525 0.5116892 0.5202318
 [582] 0.5196863 0.5164785 0.5192768 0.5215499 0.5181643 0.5179225 0.5203844
 [589] 0.5137142 0.5208956 0.5099223 0.5191674 0.5177840 0.5214181 0.5150753
 [596] 0.5196859 0.5237539 0.5166832 0.5156851 0.5223920 0.5176618 0.5162475
 [603] 0.5135553 0.5189157 0.5193772 0.5203025 0.5152996 0.5176304 0.5225984
 [610] 0.5136886 0.5209881 0.5195291 0.5185576 0.5211761 0.5172652 0.5230751
 [617] 0.5155685 0.5178332 0.5198826 0.5198194 0.5169066 0.5186622 0.5178290
 [624] 0.5150497 0.5150714 0.5186996 0.5198044 0.5221366 0.5145882 0.5188586
 [631] 0.5210409 0.5195305 0.5150588 0.5131860 0.5213720 0.5198206 0.5144828
 [638] 0.5205238 0.5232383 0.5164939 0.5143926 0.5151280 0.5173584 0.5142998
 [645] 0.5212839 0.5218320 0.5111574 0.5134844 0.5154895 0.5129396 0.5213287
 [652] 0.5229198 0.5240108 0.5179197 0.5148109 0.5234779 0.5109322 0.5183639
 [659] 0.5179468 0.5209525 0.5199392 0.5167057 0.5166366 0.5157956 0.5203451
 [666] 0.5214478 0.5191281 0.5183964 0.5194181 0.5187136 0.5221803 0.5186795
 [673] 0.5202932 0.5197615 0.5157301 0.5175724 0.5109545 0.5163193 0.5225049
 [680] 0.5219170 0.5160879 0.5217187 0.5142692 0.5184070 0.5183865 0.5164197
 [687] 0.5137005 0.5135141 0.5157958 0.5145820 0.5202413 0.5219690 0.5192861
 [694] 0.5203669 0.5190162 0.5190807 0.5227139 0.5153547 0.5218284 0.5197025
 [701] 0.5213326 0.5234838 0.5162066 0.5202735 0.5138995 0.5201487 0.5214320
 [708] 0.5164879 0.5218145 0.5166360 0.5181522 0.5206039 0.5181688 0.5168247
 [715] 0.5219917 0.5197786 0.5208094 0.5175412 0.5177850 0.5155727 0.5202249
 [722] 0.5100187 0.5162821 0.5203848 0.5172050 0.5196240 0.5194973 0.5197021
 [729] 0.5185789 0.5236388 0.5140913 0.5207000 0.5213091 0.5174718 0.5183920
 [736] 0.5150458 0.5211969 0.5202859 0.5167847 0.5136102 0.5162541 0.5203798
 [743] 0.5152452 0.5200515 0.5186640 0.5136247 0.5252625 0.5188161 0.5187305
 [750] 0.5245788 0.5200478 0.5198967 0.5184873 0.5206273 0.5223406 0.5202113
 [757] 0.5158227 0.5182381 0.5177533 0.5171984 0.5152601 0.5147246 0.5181525
 [764] 0.5192647 0.5202496 0.5171116 0.5162256 0.5170553 0.5193758 0.5192884
 [771] 0.5154972 0.5213270 0.5112382 0.5226988 0.5208498 0.5170077 0.5175467
 [778] 0.5200646 0.5149795 0.5191394 0.5190615 0.5215005 0.5230272 0.5221275
 [785] 0.5178879 0.5173916 0.5170703 0.5186374 0.5200095 0.5193713 0.5216182
 [792] 0.5106837 0.5120499 0.5206536 0.5187047 0.5188177 0.5180415 0.5207019
 [799] 0.5177065 0.5196428 0.5169794 0.5194276 0.5167617 0.5182009 0.5135373
 [806] 0.5197221 0.5147492 0.5261230 0.5133830 0.5209546 0.5252000 0.5164684
 [813] 0.5161650 0.5203279 0.5172396 0.5159460 0.5151585 0.5178828 0.5215714
 [820] 0.5226617 0.5128546 0.5151114 0.5154873 0.5206227 0.5145454 0.5145969
 [827] 0.5211667 0.5176349 0.5164492 0.5171799 0.5209568 0.5228712 0.5168692
 [834] 0.5241467 0.5156768 0.5166366 0.5227658 0.5212262 0.5185909 0.5189544
 [841] 0.5209315 0.5216131 0.5201493 0.5166722 0.5192743 0.5172480 0.5193422
 [848] 0.5197818 0.5154179 0.5177120 0.5168102 0.5208281 0.5142177 0.5178053
 [855] 0.5156384 0.5218288 0.5165484 0.5216881 0.5195815 0.5150056 0.5179372
 [862] 0.5185705 0.5124349 0.5182091 0.5176835 0.5214102 0.5198437 0.5177682
 [869] 0.5149518 0.5156968 0.5179918 0.5171711 0.5135045 0.5158139 0.5147721
 [876] 0.5158951 0.5144492 0.5187326 0.5157504 0.5201193 0.5156192 0.5127425
 [883] 0.5167415 0.5193147 0.5196231 0.5154492 0.5183677 0.5213029 0.5196196
 [890] 0.5147081 0.5197461 0.5186930 0.5193340 0.5174519 0.5233845 0.5149647
 [897] 0.5119270 0.5181408 0.5181794 0.5201382 0.5174688 0.5133170 0.5180158
 [904] 0.5179097 0.5159247 0.5180311 0.5202317 0.5190948 0.5213328 0.5202104
 [911] 0.5203584 0.5182732 0.5132286 0.5175093 0.5159095 0.5271005 0.5201217
 [918] 0.5187456 0.5197502 0.5210144 0.5217399 0.5161173 0.5162939 0.5190391
 [925] 0.5157788 0.5183584 0.5198699 0.5219957 0.5201859 0.5258093 0.5122217
 [932] 0.5225859 0.5210802 0.5190197 0.5156619 0.5214311 0.5203523 0.5165207
 [939] 0.5187664 0.5174990 0.5167847 0.5186931 0.5193019 0.5231681 0.5165538
 [946] 0.5199350 0.5223005 0.5138067 0.5173175 0.5214811 0.5130644 0.5254864
 [953] 0.5129340 0.5186331 0.5179024 0.5170305 0.5171411 0.5209976 0.5204219
 [960] 0.5159049 0.5152318 0.5203110 0.5196347 0.5139392 0.5189250 0.5170566
 [967] 0.5185838 0.5157388 0.5191283 0.5199866 0.5224964 0.5157747 0.5186879
 [974] 0.5178218 0.5207316 0.5170373 0.5188109 0.5189669 0.5193496 0.5196774
 [981] 0.5197357 0.5188210 0.5210296 0.5227892 0.5099411 0.5207395 0.5153014
 [988] 0.5204055 0.5147045 0.5197514 0.5210932 0.5173644 0.5188800 0.5181932
 [995] 0.5193739 0.5202329 0.5117993 0.5169123 0.5157608 0.5168435
 [ reached getOption("max.print") -- omitted 4000 entries ]
